VARIABLES= "X","Y","Z","CP"
1.0000 0.0000 0.0000 0.5232
0.9997 0.0000 -0.0000 0.4842
0.9990 0.0000 -0.0000 0.4191
0.9977 0.0000 -0.0000 0.3733
0.9959 0.0000 -0.0000 0.3377
0.9936 0.0000 -0.0001 0.3082
0.9908 0.0000 -0.0001 0.2828
0.9875 0.0000 -0.0001 0.2603
0.9837 0.0000 -0.0002 0.2399
0.9794 0.0000 -0.0002 0.2212
0.9746 0.0000 -0.0003 0.2038
0.9693 0.0000 -0.0003 0.1875
0.9636 0.0000 -0.0004 0.1720
0.9573 0.0000 -0.0005 0.1572
0.9506 0.0000 -0.0006 0.1430
0.9435 0.0000 -0.0007 0.1292
0.9359 0.0000 -0.0008 0.1159
0.9278 0.0000 -0.0009 0.1030
0.9194 0.0000 -0.0010 0.0903
0.9105 0.0000 -0.0012 0.0778
0.9012 0.0000 -0.0013 0.0655
0.8914 0.0000 -0.0015 0.0533
0.8813 0.0000 -0.0016 0.0411
0.8708 0.0000 -0.0018 0.0291
0.8600 0.0000 -0.0020 0.0170
0.8488 0.0000 -0.0023 0.0049
0.8372 0.0000 -0.0025 -0.0073
0.8253 0.0000 -0.0028 -0.0196
0.8131 0.0000 -0.0030 -0.0321
0.8005 0.0000 -0.0033 -0.0447
0.7877 0.0000 -0.0036 -0.0576
0.7746 0.0000 -0.0040 -0.0707
0.7612 0.0000 -0.0043 -0.0841
0.7476 0.0000 -0.0047 -0.0978
0.7337 0.0000 -0.0051 -0.1119
0.7196 0.0000 -0.0056 -0.1264
0.7053 0.0000 -0.0060 -0.1413
0.6908 0.0000 -0.0065 -0.1568
0.6761 0.0000 -0.0070 -0.1727
0.6612 0.0000 -0.0075 -0.1891
0.6462 0.0000 -0.0080 -0.2062
0.6310 0.0000 -0.0086 -0.2239
0.6158 0.0000 -0.0092 -0.2422
0.6004 0.0000 -0.0098 -0.2612
0.5849 0.0000 -0.0104 -0.2809
0.5693 0.0000 -0.0110 -0.3014
0.5537 0.0000 -0.0117 -0.3227
0.5381 0.0000 -0.0123 -0.3448
0.5224 0.0000 -0.0130 -0.3676
0.5067 0.0000 -0.0136 -0.3913
0.4910 0.0000 -0.0143 -0.4158
0.4753 0.0000 -0.0150 -0.4411
0.4596 0.0000 -0.0156 -0.4671
0.4440 0.0000 -0.0163 -0.4937
0.4285 0.0000 -0.0169 -0.5205
0.4130 0.0000 -0.0175 -0.5474
0.3977 0.0000 -0.0181 -0.5714
0.3826 0.0000 -0.0187 -0.5952
0.3677 0.0000 -0.0193 -0.6247
0.3530 0.0000 -0.0200 -0.6590
0.3384 0.0000 -0.0207 -0.6971
0.3239 0.0000 -0.0214 -0.7389
0.3096 0.0000 -0.0221 -0.7842
0.2955 0.0000 -0.0228 -0.8332
0.2816 0.0000 -0.0235 -0.8860
0.2679 0.0000 -0.0242 -0.9428
0.2544 0.0000 -0.0249 -1.0039
0.2412 0.0000 -0.0255 -1.0696
0.2282 0.0000 -0.0261 -1.1403
0.2154 0.0000 -0.0267 -1.2164
0.2030 0.0000 -0.0272 -1.2983
0.1908 0.0000 -0.0277 -1.3868
0.1788 0.0000 -0.0281 -1.4825
0.1672 0.0000 -0.0284 -1.5862
0.1559 0.0000 -0.0287 -1.6987
0.1449 0.0000 -0.0289 -1.8213
0.1342 0.0000 -0.0290 -1.9552
0.1239 0.0000 -0.0290 -2.1020
0.1139 0.0000 -0.0289 -2.2635
0.1043 0.0000 -0.0288 -2.4419
0.0950 0.0000 -0.0285 -2.6397
0.0862 0.0000 -0.0281 -2.8603
0.0777 0.0000 -0.0276 -3.1075
0.0696 0.0000 -0.0270 -3.3860
0.0619 0.0000 -0.0263 -3.7015
0.0546 0.0000 -0.0255 -4.0611
0.0478 0.0000 -0.0245 -4.4735
0.0413 0.0000 -0.0234 -4.9492
0.0353 0.0000 -0.0222 -5.5008
0.0298 0.0000 -0.0208 -6.1431
0.0247 0.0000 -0.0194 -6.8927
0.0200 0.0000 -0.0178 -7.7654
0.0159 0.0000 -0.0160 -8.7724
0.0121 0.0000 -0.0141 -9.9092
0.0089 0.0000 -0.0121 -11.1369
0.0062 0.0000 -0.0100 -12.3527
0.0039 0.0000 -0.0077 -13.3603
0.0021 0.0000 -0.0053 -13.8760
0.0008 0.0000 -0.0027 -13.6296
0.0000 0.0000 0.0000 -12.5492
-0.0003 0.0000 0.0028 -10.7913
-0.0001 0.0000 0.0057 -8.6387
0.0006 0.0000 0.0086 -6.4413
0.0019 0.0000 0.0116 -4.4910
0.0036 0.0000 0.0146 -2.9210
0.0059 0.0000 0.0177 -1.7337
0.0087 0.0000 0.0209 -0.8687
0.0120 0.0000 0.0240 -0.2524
0.0158 0.0000 0.0273 0.1805
0.0201 0.0000 0.0305 0.4809
0.0250 0.0000 0.0338 0.6862
0.0303 0.0000 0.0371 0.8234
0.0361 0.0000 0.0404 0.9114
0.0425 0.0000 0.0437 0.9639
0.0493 0.0000 0.0470 0.9905
0.0566 0.0000 0.0502 0.9983
0.0643 0.0000 0.0535 0.9922
0.0726 0.0000 0.0567 0.9759
0.0813 0.0000 0.0599 0.9522
0.0904 0.0000 0.0630 0.9230
0.1000 0.0000 0.0660 0.8900
0.1100 0.0000 0.0689 0.8543
0.1205 0.0000 0.0718 0.8167
0.1314 0.0000 0.0746 0.7781
0.1426 0.0000 0.0772 0.7389
0.1543 0.0000 0.0798 0.6995
0.1663 0.0000 0.0822 0.6603
0.1787 0.0000 0.0845 0.6216
0.1914 0.0000 0.0866 0.5836
0.2045 0.0000 0.0886 0.5465
0.2179 0.0000 0.0905 0.5104
0.2316 0.0000 0.0921 0.4755
0.2456 0.0000 0.0936 0.4419
0.2598 0.0000 0.0949 0.4097
0.2743 0.0000 0.0961 0.3789
0.2891 0.0000 0.0970 0.3497
0.3040 0.0000 0.0978 0.3220
0.3192 0.0000 0.0983 0.2961
0.3346 0.0000 0.0987 0.2719
0.3501 0.0000 0.0988 0.2495
0.3658 0.0000 0.0988 0.2291
0.3816 0.0000 0.0985 0.2107
0.3975 0.0000 0.0981 0.1949
0.4133 0.0000 0.0975 0.1833
0.4292 0.0000 0.0967 0.1732
0.4451 0.0000 0.0958 0.1621
0.4611 0.0000 0.0948 0.1510
0.4771 0.0000 0.0937 0.1404
0.4932 0.0000 0.0924 0.1303
0.5092 0.0000 0.0910 0.1208
0.5252 0.0000 0.0896 0.1120
0.5412 0.0000 0.0880 0.1038
0.5571 0.0000 0.0863 0.0963
0.5730 0.0000 0.0845 0.0893
0.5888 0.0000 0.0826 0.0831
0.6044 0.0000 0.0807 0.0774
0.6200 0.0000 0.0786 0.0723
0.6354 0.0000 0.0765 0.0678
0.6507 0.0000 0.0743 0.0639
0.6659 0.0000 0.0721 0.0606
0.6808 0.0000 0.0697 0.0579
0.6956 0.0000 0.0674 0.0557
0.7101 0.0000 0.0650 0.0540
0.7245 0.0000 0.0625 0.0529
0.7386 0.0000 0.0600 0.0524
0.7524 0.0000 0.0575 0.0524
0.7660 0.0000 0.0550 0.0529
0.7793 0.0000 0.0524 0.0539
0.7923 0.0000 0.0498 0.0555
0.8051 0.0000 0.0473 0.0576
0.8175 0.0000 0.0447 0.0602
0.8296 0.0000 0.0422 0.0634
0.8413 0.0000 0.0396 0.0671
0.8527 0.0000 0.0371 0.0714
0.8637 0.0000 0.0346 0.0762
0.8744 0.0000 0.0322 0.0815
0.8847 0.0000 0.0298 0.0874
0.8946 0.0000 0.0274 0.0939
0.9041 0.0000 0.0252 0.1010
0.9132 0.0000 0.0229 0.1086
0.9219 0.0000 0.0208 0.1169
0.9301 0.0000 0.0187 0.1258
0.9380 0.0000 0.0167 0.1354
0.9454 0.0000 0.0148 0.1457
0.9523 0.0000 0.0130 0.1567
0.9588 0.0000 0.0113 0.1686
0.9648 0.0000 0.0097 0.1813
0.9704 0.0000 0.0082 0.1950
0.9755 0.0000 0.0068 0.2099
0.9801 0.0000 0.0055 0.2260
0.9843 0.0000 0.0044 0.2436
0.9879 0.0000 0.0034 0.2630
0.9911 0.0000 0.0025 0.2848
0.9938 0.0000 0.0017 0.3096
0.9961 0.0000 0.0011 0.3385
0.9978 0.0000 0.0006 0.3737
0.9990 0.0000 0.0003 0.4193
0.9998 0.0000 0.0001 0.4843
1.0000 0.0000 -0.0000 0.5232
