VARIABLES= "X","Y","Z","CP"
1.0000 0.0000 0.0000 0.5419
0.9997 0.0000 -0.0000 0.5039
0.9990 0.0000 -0.0000 0.4399
0.9977 0.0000 -0.0000 0.3942
0.9959 0.0000 -0.0000 0.3582
0.9936 0.0000 -0.0001 0.3280
0.9908 0.0000 -0.0001 0.3015
0.9875 0.0000 -0.0001 0.2777
0.9837 0.0000 -0.0002 0.2559
0.9794 0.0000 -0.0002 0.2356
0.9746 0.0000 -0.0003 0.2164
0.9693 0.0000 -0.0003 0.1982
0.9636 0.0000 -0.0004 0.1808
0.9573 0.0000 -0.0005 0.1640
0.9506 0.0000 -0.0006 0.1477
0.9435 0.0000 -0.0007 0.1318
0.9359 0.0000 -0.0008 0.1163
0.9278 0.0000 -0.0009 0.1010
0.9194 0.0000 -0.0010 0.0859
0.9105 0.0000 -0.0012 0.0709
0.9012 0.0000 -0.0013 0.0561
0.8914 0.0000 -0.0015 0.0413
0.8813 0.0000 -0.0016 0.0265
0.8708 0.0000 -0.0018 0.0117
0.8600 0.0000 -0.0020 -0.0033
0.8488 0.0000 -0.0023 -0.0183
0.8372 0.0000 -0.0025 -0.0335
0.8253 0.0000 -0.0028 -0.0488
0.8131 0.0000 -0.0030 -0.0645
0.8005 0.0000 -0.0033 -0.0804
0.7877 0.0000 -0.0036 -0.0966
0.7746 0.0000 -0.0040 -0.1131
0.7612 0.0000 -0.0043 -0.1301
0.7476 0.0000 -0.0047 -0.1476
0.7337 0.0000 -0.0051 -0.1655
0.7196 0.0000 -0.0056 -0.1839
0.7053 0.0000 -0.0060 -0.2030
0.6908 0.0000 -0.0065 -0.2226
0.6761 0.0000 -0.0070 -0.2430
0.6612 0.0000 -0.0075 -0.2640
0.6462 0.0000 -0.0080 -0.2859
0.6310 0.0000 -0.0086 -0.3085
0.6158 0.0000 -0.0092 -0.3321
0.6004 0.0000 -0.0098 -0.3565
0.5849 0.0000 -0.0104 -0.3819
0.5693 0.0000 -0.0110 -0.4084
0.5537 0.0000 -0.0117 -0.4359
0.5381 0.0000 -0.0123 -0.4645
0.5224 0.0000 -0.0130 -0.4942
0.5067 0.0000 -0.0136 -0.5251
0.4910 0.0000 -0.0143 -0.5572
0.4753 0.0000 -0.0150 -0.5904
0.4596 0.0000 -0.0156 -0.6247
0.4440 0.0000 -0.0163 -0.6601
0.4285 0.0000 -0.0169 -0.6962
0.4130 0.0000 -0.0175 -0.7331
0.3977 0.0000 -0.0181 -0.7666
0.3826 0.0000 -0.0187 -0.7994
0.3677 0.0000 -0.0193 -0.8390
0.3530 0.0000 -0.0200 -0.8848
0.3384 0.0000 -0.0207 -0.9356
0.3239 0.0000 -0.0214 -0.9911
0.3096 0.0000 -0.0221 -1.0514
0.2955 0.0000 -0.0228 -1.1166
0.2816 0.0000 -0.0235 -1.1869
0.2679 0.0000 -0.0242 -1.2628
0.2544 0.0000 -0.0249 -1.3447
0.2412 0.0000 -0.0255 -1.4330
0.2282 0.0000 -0.0261 -1.5284
0.2154 0.0000 -0.0267 -1.6314
0.2030 0.0000 -0.0272 -1.7429
0.1908 0.0000 -0.0277 -1.8638
0.1788 0.0000 -0.0281 -1.9952
0.1672 0.0000 -0.0284 -2.1383
0.1559 0.0000 -0.0287 -2.2945
0.1449 0.0000 -0.0289 -2.4656
0.1342 0.0000 -0.0290 -2.6537
0.1239 0.0000 -0.0290 -2.8610
0.1139 0.0000 -0.0289 -3.0906
0.1043 0.0000 -0.0288 -3.3459
0.0950 0.0000 -0.0285 -3.6311
0.0862 0.0000 -0.0281 -3.9515
0.0777 0.0000 -0.0276 -4.3131
0.0696 0.0000 -0.0270 -4.7239
0.0619 0.0000 -0.0263 -5.1933
0.0546 0.0000 -0.0255 -5.7332
0.0478 0.0000 -0.0245 -6.3582
0.0413 0.0000 -0.0234 -7.0868
0.0353 0.0000 -0.0222 -7.9412
0.0298 0.0000 -0.0208 -8.9488
0.0247 0.0000 -0.0194 -10.1412
0.0200 0.0000 -0.0178 -11.5525
0.0159 0.0000 -0.0160 -13.2127
0.0121 0.0000 -0.0141 -15.1330
0.0089 0.0000 -0.0121 -17.2759
0.0062 0.0000 -0.0100 -19.5055
0.0039 0.0000 -0.0077 -21.5300
0.0021 0.0000 -0.0053 -22.8933
0.0008 0.0000 -0.0027 -23.1133
0.0000 0.0000 0.0000 -21.9825
-0.0003 0.0000 0.0028 -19.6505
-0.0001 0.0000 0.0057 -16.4964
0.0006 0.0000 0.0086 -13.0652
0.0019 0.0000 0.0116 -9.8685
0.0036 0.0000 0.0146 -7.1839
0.0059 0.0000 0.0177 -5.0689
0.0087 0.0000 0.0209 -3.4617
0.0120 0.0000 0.0240 -2.2622
0.0158 0.0000 0.0273 -1.3738
0.0201 0.0000 0.0305 -0.7173
0.0250 0.0000 0.0338 -0.2319
0.0303 0.0000 0.0371 0.1269
0.0361 0.0000 0.0404 0.3919
0.0425 0.0000 0.0437 0.5868
0.0493 0.0000 0.0470 0.7289
0.0566 0.0000 0.0502 0.8309
0.0643 0.0000 0.0535 0.9023
0.0726 0.0000 0.0567 0.9501
0.0813 0.0000 0.0599 0.9796
0.0904 0.0000 0.0630 0.9948
0.1000 0.0000 0.0660 0.9989
0.1100 0.0000 0.0689 0.9942
0.1205 0.0000 0.0718 0.9826
0.1314 0.0000 0.0746 0.9657
0.1426 0.0000 0.0772 0.9446
0.1543 0.0000 0.0798 0.9202
0.1663 0.0000 0.0822 0.8935
0.1787 0.0000 0.0845 0.8649
0.1914 0.0000 0.0866 0.8351
0.2045 0.0000 0.0886 0.8044
0.2179 0.0000 0.0905 0.7732
0.2316 0.0000 0.0921 0.7418
0.2456 0.0000 0.0936 0.7106
0.2598 0.0000 0.0949 0.6796
0.2743 0.0000 0.0961 0.6492
0.2891 0.0000 0.0970 0.6194
0.3040 0.0000 0.0978 0.5905
0.3192 0.0000 0.0983 0.5626
0.3346 0.0000 0.0987 0.5357
0.3501 0.0000 0.0988 0.5101
0.3658 0.0000 0.0988 0.4858
0.3816 0.0000 0.0985 0.4628
0.3975 0.0000 0.0981 0.4416
0.4133 0.0000 0.0975 0.4244
0.4292 0.0000 0.0967 0.4092
0.4451 0.0000 0.0958 0.3931
0.4611 0.0000 0.0948 0.3772
0.4771 0.0000 0.0937 0.3617
0.4932 0.0000 0.0924 0.3468
0.5092 0.0000 0.0910 0.3326
0.5252 0.0000 0.0896 0.3190
0.5412 0.0000 0.0880 0.3060
0.5571 0.0000 0.0863 0.2937
0.5730 0.0000 0.0845 0.2821
0.5888 0.0000 0.0826 0.2711
0.6044 0.0000 0.0807 0.2607
0.6200 0.0000 0.0786 0.2510
0.6354 0.0000 0.0765 0.2419
0.6507 0.0000 0.0743 0.2335
0.6659 0.0000 0.0721 0.2256
0.6808 0.0000 0.0697 0.2184
0.6956 0.0000 0.0674 0.2117
0.7101 0.0000 0.0650 0.2056
0.7245 0.0000 0.0625 0.2001
0.7386 0.0000 0.0600 0.1952
0.7524 0.0000 0.0575 0.1908
0.7660 0.0000 0.0550 0.1871
0.7793 0.0000 0.0524 0.1838
0.7923 0.0000 0.0498 0.1812
0.8051 0.0000 0.0473 0.1792
0.8175 0.0000 0.0447 0.1777
0.8296 0.0000 0.0422 0.1768
0.8413 0.0000 0.0396 0.1764
0.8527 0.0000 0.0371 0.1767
0.8637 0.0000 0.0346 0.1775
0.8744 0.0000 0.0322 0.1789
0.8847 0.0000 0.0298 0.1810
0.8946 0.0000 0.0274 0.1836
0.9041 0.0000 0.0252 0.1869
0.9132 0.0000 0.0229 0.1908
0.9219 0.0000 0.0208 0.1954
0.9301 0.0000 0.0187 0.2007
0.9380 0.0000 0.0167 0.2067
0.9454 0.0000 0.0148 0.2135
0.9523 0.0000 0.0130 0.2210
0.9588 0.0000 0.0113 0.2294
0.9648 0.0000 0.0097 0.2388
0.9704 0.0000 0.0082 0.2492
0.9755 0.0000 0.0068 0.2607
0.9801 0.0000 0.0055 0.2735
0.9843 0.0000 0.0044 0.2879
0.9879 0.0000 0.0034 0.3042
0.9911 0.0000 0.0025 0.3228
0.9938 0.0000 0.0017 0.3444
0.9961 0.0000 0.0011 0.3701
0.9978 0.0000 0.0006 0.4020
0.9990 0.0000 0.0003 0.4441
0.9998 0.0000 0.0001 0.5052
1.0000 0.0000 -0.0000 0.5419
