VARIABLES= "X","Y","Z","CP"
1.0000 0.0000 0.0000 0.6269
0.9997 0.0000 -0.0000 0.6007
0.9990 0.0000 -0.0000 0.5589
0.9977 0.0000 -0.0000 0.5338
0.9959 0.0000 -0.0000 0.5177
0.9936 0.0000 -0.0001 0.5072
0.9908 0.0000 -0.0001 0.5004
0.9875 0.0000 -0.0001 0.4964
0.9837 0.0000 -0.0002 0.4944
0.9794 0.0000 -0.0002 0.4939
0.9746 0.0000 -0.0003 0.4947
0.9693 0.0000 -0.0003 0.4966
0.9636 0.0000 -0.0004 0.4993
0.9573 0.0000 -0.0005 0.5028
0.9506 0.0000 -0.0006 0.5069
0.9435 0.0000 -0.0007 0.5115
0.9359 0.0000 -0.0008 0.5166
0.9278 0.0000 -0.0009 0.5222
0.9194 0.0000 -0.0010 0.5280
0.9105 0.0000 -0.0012 0.5342
0.9012 0.0000 -0.0013 0.5406
0.8914 0.0000 -0.0015 0.5473
0.8813 0.0000 -0.0016 0.5542
0.8708 0.0000 -0.0018 0.5614
0.8600 0.0000 -0.0020 0.5686
0.8488 0.0000 -0.0023 0.5761
0.8372 0.0000 -0.0025 0.5837
0.8253 0.0000 -0.0028 0.5914
0.8131 0.0000 -0.0030 0.5992
0.8005 0.0000 -0.0033 0.6071
0.7877 0.0000 -0.0036 0.6152
0.7746 0.0000 -0.0040 0.6233
0.7612 0.0000 -0.0043 0.6315
0.7476 0.0000 -0.0047 0.6398
0.7337 0.0000 -0.0051 0.6482
0.7196 0.0000 -0.0056 0.6567
0.7053 0.0000 -0.0060 0.6653
0.6908 0.0000 -0.0065 0.6739
0.6761 0.0000 -0.0070 0.6827
0.6612 0.0000 -0.0075 0.6915
0.6462 0.0000 -0.0080 0.7005
0.6310 0.0000 -0.0086 0.7095
0.6158 0.0000 -0.0092 0.7187
0.6004 0.0000 -0.0098 0.7280
0.5849 0.0000 -0.0104 0.7374
0.5693 0.0000 -0.0110 0.7469
0.5537 0.0000 -0.0117 0.7566
0.5381 0.0000 -0.0123 0.7664
0.5224 0.0000 -0.0130 0.7764
0.5067 0.0000 -0.0136 0.7866
0.4910 0.0000 -0.0143 0.7970
0.4753 0.0000 -0.0150 0.8075
0.4596 0.0000 -0.0156 0.8183
0.4440 0.0000 -0.0163 0.8293
0.4285 0.0000 -0.0169 0.8408
0.4130 0.0000 -0.0175 0.8532
0.3977 0.0000 -0.0181 0.8647
0.3826 0.0000 -0.0187 0.8745
0.3677 0.0000 -0.0193 0.8845
0.3530 0.0000 -0.0200 0.8946
0.3384 0.0000 -0.0207 0.9047
0.3239 0.0000 -0.0214 0.9148
0.3096 0.0000 -0.0221 0.9248
0.2955 0.0000 -0.0228 0.9347
0.2816 0.0000 -0.0235 0.9445
0.2679 0.0000 -0.0242 0.9539
0.2544 0.0000 -0.0249 0.9630
0.2412 0.0000 -0.0255 0.9716
0.2282 0.0000 -0.0261 0.9796
0.2154 0.0000 -0.0267 0.9866
0.2030 0.0000 -0.0272 0.9925
0.1908 0.0000 -0.0277 0.9969
0.1788 0.0000 -0.0281 0.9993
0.1672 0.0000 -0.0284 0.9993
0.1559 0.0000 -0.0287 0.9962
0.1449 0.0000 -0.0289 0.9891
0.1342 0.0000 -0.0290 0.9769
0.1239 0.0000 -0.0290 0.9584
0.1139 0.0000 -0.0289 0.9317
0.1043 0.0000 -0.0288 0.8948
0.0950 0.0000 -0.0285 0.8446
0.0862 0.0000 -0.0281 0.7774
0.0777 0.0000 -0.0276 0.6885
0.0696 0.0000 -0.0270 0.5712
0.0619 0.0000 -0.0263 0.4170
0.0546 0.0000 -0.0255 0.2142
0.0478 0.0000 -0.0245 -0.0528
0.0413 0.0000 -0.0234 -0.4056
0.0353 0.0000 -0.0222 -0.8738
0.0298 0.0000 -0.0208 -1.4980
0.0247 0.0000 -0.0194 -2.3344
0.0200 0.0000 -0.0178 -3.4594
0.0159 0.0000 -0.0160 -4.9736
0.0121 0.0000 -0.0141 -7.0017
0.0089 0.0000 -0.0121 -9.6766
0.0062 0.0000 -0.0100 -13.0911
0.0039 0.0000 -0.0077 -17.1993
0.0021 0.0000 -0.0053 -21.6860
0.0008 0.0000 -0.0027 -25.9304
0.0000 0.0000 0.0000 -29.2324
-0.0003 0.0000 0.0028 -31.0539
-0.0001 0.0000 0.0057 -31.1199
0.0006 0.0000 0.0086 -29.6303
0.0019 0.0000 0.0116 -27.1887
0.0036 0.0000 0.0146 -24.4021
0.0059 0.0000 0.0177 -21.6748
0.0087 0.0000 0.0209 -19.2050
0.0120 0.0000 0.0240 -17.0559
0.0158 0.0000 0.0273 -15.2214
0.0201 0.0000 0.0305 -13.6667
0.0250 0.0000 0.0338 -12.3502
0.0303 0.0000 0.0371 -11.2316
0.0361 0.0000 0.0404 -10.2762
0.0425 0.0000 0.0437 -9.4550
0.0493 0.0000 0.0470 -8.7442
0.0566 0.0000 0.0502 -8.1245
0.0643 0.0000 0.0535 -7.5805
0.0726 0.0000 0.0567 -7.0995
0.0813 0.0000 0.0599 -6.6713
0.0904 0.0000 0.0630 -6.2878
0.1000 0.0000 0.0660 -5.9420
0.1100 0.0000 0.0689 -5.6284
0.1205 0.0000 0.0718 -5.3423
0.1314 0.0000 0.0746 -5.0799
0.1426 0.0000 0.0772 -4.8379
0.1543 0.0000 0.0798 -4.6137
0.1663 0.0000 0.0822 -4.4049
0.1787 0.0000 0.0845 -4.2096
0.1914 0.0000 0.0866 -4.0261
0.2045 0.0000 0.0886 -3.8530
0.2179 0.0000 0.0905 -3.6891
0.2316 0.0000 0.0921 -3.5333
0.2456 0.0000 0.0936 -3.3847
0.2598 0.0000 0.0949 -3.2424
0.2743 0.0000 0.0961 -3.1058
0.2891 0.0000 0.0970 -2.9741
0.3040 0.0000 0.0978 -2.8468
0.3192 0.0000 0.0983 -2.7232
0.3346 0.0000 0.0987 -2.6028
0.3501 0.0000 0.0988 -2.4847
0.3658 0.0000 0.0988 -2.3679
0.3816 0.0000 0.0985 -2.2495
0.3975 0.0000 0.0981 -2.1287
0.4133 0.0000 0.0975 -2.0173
0.4292 0.0000 0.0967 -1.9190
0.4451 0.0000 0.0958 -1.8266
0.4611 0.0000 0.0948 -1.7395
0.4771 0.0000 0.0937 -1.6568
0.4932 0.0000 0.0924 -1.5780
0.5092 0.0000 0.0910 -1.5026
0.5252 0.0000 0.0896 -1.4304
0.5412 0.0000 0.0880 -1.3610
0.5571 0.0000 0.0863 -1.2943
0.5730 0.0000 0.0845 -1.2300
0.5888 0.0000 0.0826 -1.1679
0.6044 0.0000 0.0807 -1.1078
0.6200 0.0000 0.0786 -1.0498
0.6354 0.0000 0.0765 -0.9935
0.6507 0.0000 0.0743 -0.9390
0.6659 0.0000 0.0721 -0.8860
0.6808 0.0000 0.0697 -0.8346
0.6956 0.0000 0.0674 -0.7845
0.7101 0.0000 0.0650 -0.7358
0.7245 0.0000 0.0625 -0.6883
0.7386 0.0000 0.0600 -0.6420
0.7524 0.0000 0.0575 -0.5968
0.7660 0.0000 0.0550 -0.5526
0.7793 0.0000 0.0524 -0.5094
0.7923 0.0000 0.0498 -0.4672
0.8051 0.0000 0.0473 -0.4258
0.8175 0.0000 0.0447 -0.3853
0.8296 0.0000 0.0422 -0.3456
0.8413 0.0000 0.0396 -0.3066
0.8527 0.0000 0.0371 -0.2684
0.8637 0.0000 0.0346 -0.2308
0.8744 0.0000 0.0322 -0.1939
0.8847 0.0000 0.0298 -0.1576
0.8946 0.0000 0.0274 -0.1219
0.9041 0.0000 0.0252 -0.0868
0.9132 0.0000 0.0229 -0.0521
0.9219 0.0000 0.0208 -0.0180
0.9301 0.0000 0.0187 0.0157
0.9380 0.0000 0.0167 0.0489
0.9454 0.0000 0.0148 0.0818
0.9523 0.0000 0.0130 0.1144
0.9588 0.0000 0.0113 0.1466
0.9648 0.0000 0.0097 0.1787
0.9704 0.0000 0.0082 0.2106
0.9755 0.0000 0.0068 0.2424
0.9801 0.0000 0.0055 0.2744
0.9843 0.0000 0.0044 0.3066
0.9879 0.0000 0.0034 0.3393
0.9911 0.0000 0.0025 0.3728
0.9938 0.0000 0.0017 0.4076
0.9961 0.0000 0.0011 0.4445
0.9978 0.0000 0.0006 0.4850
0.9990 0.0000 0.0003 0.5321
0.9998 0.0000 0.0001 0.5924
1.0000 0.0000 -0.0000 0.6269
